#The correlation matrices for unbinned 3pi all true fit  

from numpy import array
import numpy as np
import uncertainties
from uncertainties import *


#3pi all true 5

val1={'I9': (1.0326646471270351e-07, 0.017157604203728694), 'I8': (-4.27737426589303e-08, 0.016997109462063065), 'I6c': (0.3616235141622446, 0.028887582943266432), 'I3': (-0.10332103144144655, 0.02404893594908497), 'I2s': (0.06457575059506793, 0.013763635107599925), 'I4': (-0.1365313701940487, 0.02430029471514289), 'I7': (-2.0492974339703096e-07, 0.015314046791704228), 'loglh': -518.4112350753132, 'status': 3, 'I1s': (0.3763838261090342, 0.030554763024308706), 'iterations': 276, 'I6s': (-0.2546126760989651, 0.02298326889848018), 'I2c': (-0.16420663579962236, 0.03918263578362252), 'I1c': (0.5590404502957198, 0.04465135098148654)}
mat1=np.array([
  [1.000 ,-0.047  ,0.292, -0.367  ,0.217  ,0.236 ,-0.048,  0.226 ,-0.335 ,-0.339 , 0.072],
[-0.047 , 1.000 ,-0.038, -0.062 ,-0.089 ,-0.105, -0.041, -0.139 , 0.041 ,-0.047,  0.045],
[0.292 ,-0.038  ,1.000 ,-0.670  ,0.684  ,0.629 ,-0.084 , 0.667 ,-0.819 ,-0.736 , 0.489],
[-0.367 ,-0.062 ,-0.670 , 1.000 ,-0.494 ,-0.545 , 0.008 ,-0.550 , 0.556 , 0.519, -0.462],
[0.217 ,-0.089  ,0.684 ,-0.494  ,1.000  ,0.633 ,-0.008  ,0.603 ,-0.797 ,-0.824 , 0.499],
[0.236 ,-0.105  ,0.629 ,-0.545  ,0.633  ,1.000 , 0.158  ,0.564 ,-0.785 ,-0.798 , 0.462],
[-0.048 ,-0.041 ,-0.084,  0.008 ,-0.008 , 0.158 , 1.000 ,-0.217 , 0.069 ,-0.157,  0.097],
[0.226 ,-0.139  ,0.667 ,-0.550 , 0.603  ,0.564 ,-0.217  ,1.000 ,-0.793 ,-0.691 , 0.403],
[-0.335 , 0.041 ,-0.819 , 0.556, -0.797 ,-0.785 , 0.069 ,-0.793 , 1.000 , 0.848, -0.588],
[-0.339 ,-0.047 ,-0.736 , 0.519, -0.824 ,-0.798 ,-0.157 ,-0.691 , 0.848 , 1.000, -0.631],
[0.072  ,0.045 , 0.489 ,-0.462 , 0.499  ,0.462 , 0.097  ,0.403 ,-0.588 ,-0.631 , 1.000]
])

                                                               
I9=val1['I9']
I8=val1['I8']
I7=val1['I7']
I6s=val1['I6s']
I6c=val1['I6c']
I5=val1['I5']
I4=val1['I4']
I3=val1['I3']
I2s=val1['I2s']
I2c=val1['I2c']
I1s=val1['I1s']
I1c=val1['I1c']

(I8,I7,I6s,I6c,I4,I3,I2s,I2c,I1s,I1c,I9)= correlated_values_norm([I8,I7,I6s,I6c,I4,I3,I2s,I2c,I1s,I1c,I9], mat1)
1-I8-I7-I9-I4-I3-I2s-I2c-I1c-I1s-I6c-I6s
0.29704831680903765+/-0.022803505485894052



val1={'I9': (0.0054572498514628975, 0.009954280128435189), 'I8': (0.0024101834301109015, 0.010821197024770135), 'I6c': (0.3394858377624037, 0.013910708192177323), 'I3': (-0.06801607723828607, 0.009440836501850514), 'I2s': (0.09444422515477724, 0.010303689174199326), 'I4': (-0.12579163920452263, 0.011837036132536505), 'I7': (-0.059305834387354595, 0.010543310688310381), 'loglh': -1177.1458783138505, 'status': 3, 'I1s': (0.3946398981436079, 0.015298876452449983), 'iterations': 310, 'I6s': (-0.27482308982364967, 0.01420254203715815), 'I2c': (-0.166456053759797, 0.01832810032324428), 'I1c': (0.5313612928056983, 0.016759857630193165)}
mat1=np.array([
[1.000 , 0.021  ,0.179 ,-0.212  ,0.111  ,0.083 ,-0.097 , 0.063 ,-0.227, -0.279 ,-0.123],
[0.021 , 1.000  ,0.374 ,-0.351  ,0.283  ,0.236 ,-0.166  ,0.261 ,-0.476 ,-0.522  ,0.193],
[0.179  ,0.374  ,1.000 ,-0.444  ,0.586  ,0.372 ,-0.365  ,0.487 ,-0.770 ,-0.647  ,0.188],
[-0.212 ,-0.351 ,-0.444 , 1.000 ,-0.277 ,-0.344, -0.060 ,-0.052 , 0.212 , 0.330 ,-0.272],
[0.111  ,0.283  ,0.586 ,-0.277  ,1.000  ,0.286 ,-0.292 , 0.388 ,-0.644 ,-0.674  ,0.076],
[0.083  ,0.236  ,0.372 ,-0.344  ,0.286  ,1.000 ,-0.062 , 0.250 ,-0.515 ,-0.543  ,0.024],
[-0.097 ,-0.166 ,-0.365 ,-0.060 ,-0.292 ,-0.062 , 1.000 ,-0.479 , 0.455 , 0.152 ,-0.056],
[0.063  ,0.261  ,0.487 ,-0.052  ,0.388  ,0.250 ,-0.479  ,1.000 ,-0.677 ,-0.569  ,0.040],
[-0.227 ,-0.476 ,-0.770 , 0.212 ,-0.644 ,-0.515 , 0.455 ,-0.677 , 1.000 , 0.708 ,-0.209],
[-0.279 ,-0.522, -0.647 , 0.330 ,-0.674 ,-0.543 , 0.152 ,-0.569  ,0.708 , 1.000 ,-0.249],
[-0.123 , 0.193 , 0.188 ,-0.272 , 0.076 , 0.024 ,-0.056 , 0.040 ,-0.209 ,-0.249 , 1.000]
])

0.3265940072655489+/-0.014444372922618806


val1={'I9': (0.01732842106248844, 0.0065572873197826675), 'I8': (0.010063574503366146, 0.007237709388416946), 'I6c': (0.31747712610990986, 0.010716364833680436), 'I3': (-0.09195041455765285, 0.008120481484281405), 'I2s': (0.07199810082673097, 0.007088354398529062), 'I4': (-0.15906226904243703, 0.008819264889459444), 'I7': (0.03432362669031619, 0.006710484707168063), 'loglh': -2280.830322368373, 'status': 3, 'I1s': (0.3891181082536872, 0.010923888427681772), 'iterations': 316, 'I6s': (-0.27573088883051455, 0.010244402376083817), 'I2c': (-0.15112457587221584, 0.012756036934883919), 'I1c': (0.5282001115115298, 0.011977412270389065)}
mat1=np.array([
[1.000, -0.073  ,0.126 ,-0.163  ,0.076 , 0.028 ,-0.047,  0.005 ,-0.166, -0.230 ,-0.115],
[-0.073,  1.000 , 0.085 ,-0.209 , 0.028 ,-0.033 ,-0.047, -0.051 ,-0.109, -0.181,  0.106],
[0.126 , 0.085  ,1.000 ,-0.426  ,0.573 , 0.376 ,-0.280 , 0.418 ,-0.733 ,-0.571 , 0.130],
[-0.163, -0.209 ,-0.426 , 1.000 ,-0.158, -0.271 ,-0.017 ,-0.147 , 0.149 , 0.175, -0.209],
[0.076 , 0.028  ,0.573 ,-0.158  ,1.000 , 0.278 ,-0.218  ,0.375 ,-0.663 ,-0.692 , 0.042],
[0.028 ,-0.033  ,0.376 ,-0.271  ,0.278 , 1.000 ,-0.019  ,0.213 ,-0.530 ,-0.522 , 0.053],
[-0.047, -0.047 ,-0.280, -0.017 ,-0.218, -0.019 , 1.000 ,-0.444 , 0.382 ,-0.001, -0.057],
[0.005 ,-0.051  ,0.418 ,-0.147  ,0.375 , 0.213 ,-0.444  ,1.000 ,-0.613 ,-0.398 ,-0.024],
[-0.166, -0.109 ,-0.733 , 0.149 ,-0.663 ,-0.530 , 0.382 ,-0.613 , 1.000 , 0.612 ,-0.139],
[-0.230, -0.181 ,-0.571  ,0.175 ,-0.692 ,-0.522 ,-0.001 ,-0.398 , 0.612 , 1.000, -0.216],
[-0.115 , 0.106 , 0.130 ,-0.209,  0.042  ,0.053, -0.057 ,-0.024, -0.139 ,-0.216,  1.000]
])
0.30935907934479157+/-0.008865064317638819


mat1=np.array([
[1.000 ,-0.016 , 0.232 ,-0.264  ,0.156  ,0.091 ,-0.084  ,0.101 ,-0.278 ,-0.321 ,-0.082],
[-0.016 , 1.000 , 0.140 ,-0.238  ,0.081 , 0.029 ,-0.046 , 0.001 ,-0.179 ,-0.262 , 0.120],
[0.232  ,0.140  ,1.000 ,-0.464 , 0.594  ,0.359 ,-0.304  ,0.499 ,-0.779 ,-0.634  ,0.165],
[-0.264 ,-0.238 ,-0.464 , 1.000 ,-0.219 ,-0.294 , 0.009 ,-0.194 , 0.240 , 0.264 ,-0.236],
[0.156  ,0.081  ,0.594 ,-0.219  ,1.000  ,0.273 ,-0.209  ,0.401 ,-0.681 ,-0.704  ,0.085],
[0.091  ,0.029  ,0.359 ,-0.294  ,0.273  ,1.000 ,-0.038  ,0.222 ,-0.488 ,-0.488  ,0.061],
[-0.084 ,-0.046 ,-0.304 , 0.009 ,-0.209 ,-0.038 , 1.000 ,-0.462 , 0.375 , 0.062 ,-0.051],
[0.101  ,0.001  ,0.499 ,-0.194  ,0.401  ,0.222 ,-0.462  ,1.000 ,-0.666 ,-0.506  ,0.024],
[-0.278 ,-0.179 ,-0.779 , 0.240 ,-0.681 ,-0.488 , 0.375 ,-0.666 , 1.000  ,0.692 ,-0.194],
[-0.321 ,-0.262 ,-0.634 , 0.264 ,-0.704, -0.488 , 0.062 ,-0.506 , 0.692  ,1.000 ,-0.265],
[-0.082 , 0.120 , 0.165 ,-0.236 , 0.085 , 0.061 ,-0.051 , 0.024 ,-0.194 ,-0.265 , 1.000]
  ])
val1={'I9': (0.010263995295352935, 0.005350973348311583), 'I8': (-0.011754472296070184, 0.0060373473568213765), 'I6c': (0.3614222217121217, 0.008161176899539657), 'I3': (-0.09845954868967743, 0.005776104062476584), 'I2s': (0.05670765103207298, 0.005279485599301803), 'I4': (-0.16783011155636052, 0.0072561016401481715), 'I7': (0.011935500489089756, 0.0052912113428275065), 'loglh': -4029.9977472548208, 'status': 3, 'I1s': (0.412175827925634, 0.009199405059256205), 'iterations': 306, 'I6s': (-0.2979606190198347, 0.008263572728998803), 'I2c': (-0.14069115815978162, 0.010680773052595571), 'I1c': (0.5686805099505068, 0.010124586351082598)}

0.29551020331694633+/-0.007045369034067898



mat1=np.array([
[1.000 ,-0.012  ,0.136, -0.236 , 0.059  ,0.040 ,-0.058,  0.020 ,-0.191, -0.255, -0.074],
[-0.012 , 1.000 , 0.159, -0.251,  0.074  ,0.060 ,-0.065,  0.031 ,-0.227, -0.306,  0.130],
[0.136  ,0.159  ,1.000 ,-0.446 , 0.437  ,0.312 ,-0.253 , 0.373 ,-0.667 ,-0.517 , 0.139],
[-0.236 ,-0.251 ,-0.446 , 1.000, -0.138 ,-0.272 ,-0.048 ,-0.091 , 0.145 , 0.235, -0.230],
[0.059  ,0.074  ,0.437 ,-0.138 , 1.000  ,0.208 ,-0.166  ,0.269 ,-0.537 ,-0.584 , 0.051],
[0.040  ,0.060  ,0.312 ,-0.272 , 0.208  ,1.000 ,-0.014  ,0.203 ,-0.491 ,-0.473 , 0.045],
[-0.058 ,-0.065 ,-0.253 ,-0.048, -0.166 ,-0.014 , 1.000 ,-0.452 , 0.385 ,-0.002, -0.067],
[0.020  ,0.031  ,0.373 ,-0.091 , 0.269  ,0.203 ,-0.452  ,1.000 ,-0.620 ,-0.438 , 0.021],
[-0.191 ,-0.227 ,-0.667 , 0.145, -0.537 ,-0.491 , 0.385 ,-0.620 , 1.000 , 0.580, -0.192],
[-0.255 ,-0.306 ,-0.517  ,0.235, -0.584 ,-0.473 ,-0.002 ,-0.438 , 0.580 , 1.000, -0.264],
[-0.074  ,0.130 , 0.139 ,-0.230,  0.051 , 0.045 ,-0.067 , 0.021, -0.192 ,-0.264,  1.000]
  ])
val1={'I9': (-0.0015000416703132569, 0.003799958178849372), 'I8': (-0.0014369477754274662, 0.004226274257997875), 'I6c': (0.35528693230895336, 0.005691715838088696), 'I3': (-0.12192909506471972, 0.0041261719356043836), 'I2s': (0.07346397436063823, 0.003838857074250024), 'I4': (-0.15527945548267685, 0.004285213002518828), 'I7': (-0.00832868722723279, 0.003929797312726857), 'loglh': -7762.36571730626, 'status': 3, 'I1s': (0.43200203207004506, 0.005798214334668095), 'iterations': 345, 'I6s': (-0.2770943924458865, 0.005241665008245078), 'I2c': (-0.17623395432961297, 0.007057510651538257), 'I1c': (0.5789882597289371, 0.006320256349031994)}



0.30206137552729573+/-0.004734412589163087
